825617171589759006
814369814951755808
163479545364742145
878519796373794826
880399480288075826
880406896408948776
880401654191648779
872090621513441341
880398765570261033
869102372968878122
880408806771802182
880407583742107669
920193129263554590
767913867476205649
880408622654435338
880404951640211557
869429429879861298
920916091520311326
880403462389637170
756376673783513098
923580646666952725
852654164278640650
880400861317197844
880410192158806058
859846284339970090
880401532602953809
923575881358770207
880411154923552798
905728768973365258
846029332370685984
797372983877959711
880409263128862780
852838706209226762
927489351393353739
526277110290186271
880399479495348244
880408574088577074
455264252559753216
749120402147639317
408785106942164992
618006383014445096
869090830982475796
852907217438507070
880407103993434153
924421129198784512
879569215244353616
787978836478132276
831511464254373910
922554219997831169
880406440005730315
880398300296126464
880406831527243837
617662872151130122
770733137079959582
880402933752143883
880401435701960764
907937959532175360
880410878204338248
914391705875263529
880399080935788554
923607869448921149
869090038716182600
922402267594887188
748219070691672134
880401653910622259
880428749651320863
873823987388547082
913722078132305950
880405814567895080
880410056171069473
770281363096993842
880410457469513758
876806920026095646
880398074575482910
925648257953185892
832850127713468427
705322387016515585
817025723772305408
922027200142770216
773080486380830720
880409224641933362
880398636821905419
833590173740302357
747658321900732436
869327635191300207
923602334473404426
927943842173423636
880407669268160543
299499139023110155
924625456056111154
434810337221541890
928870807717941288
880405908440617030
896035911324794931
880402036183678997
926469268172865578
781570554603110442
880410284290879508
880398619088408626
853143583031558204
880404259521319012
581605250474180608
775392364264947743
763401172844675073
925644537542610985
919234630329200730
895671119472885770
880408476558458921
869120306277654538
869291232218710097
